50 286
100 873
150 1229
200 1670
250 2000
300 2839
350 3309
400 4122
450 4503
500 4750
550 5447
600 6883
650 6711
700 7143
750 8208
800 9293
850 9766
900 9302
950 11204
1000 11405
1050 12391
1100 12323
1150 15366
1200 13195
1250 13987
1300 17005
1350 17654
1400 17975
1450 18451
1500 21222
1550 19622
1600 19307
1650 20066
1700 22610
1750 23587
1800 23950
1850 23350
1900 30538
1950 26505
2000 26323
2050 25462
2100 26896
2150 27654
2200 30008
2250 28033
2300 30257
2350 32539
2400 33482
2450 34552
2500 35561
2550 32337
2600 34936
2650 36689
2700 34476
2750 38428
2800 38126
2850 37192
2900 38592
2950 40419
3000 43090
3050 45712
3100 42199
3150 41611
3200 46307
3250 44686
3300 43379
3350 48120
3400 46133
3450 45812
3500 47612
3550 47646
3600 47631
3650 51112
3700 53431
3750 55623
3800 52491
3850 54848
3900 55762
3950 56137
4000 62675
4050 63991
4100 59147
4150 58846
4200 58074
4250 58070
4300 71070
4350 59270
4400 59771
4450 62778
4500 63417
4550 68261
4600 67282
4650 70510
4700 67238
4750 70471
4800 67480
4850 74671
4900 69604
4950 69797
5000 82409
5050 72487
5100 79257
5150 73689
5200 82716
5250 77735
5300 81952
5350 82838
5400 82436
5450 79650
5500 83795
5550 81924
5600 84476
5650 90296
5700 81408
5750 82816
5800 90846
5850 92474
5900 88833
5950 85215
6000 86866
6050 92474
6100 95773
6150 90513
6200 92188
6250 89903
6300 94101
6350 89001
6400 92760
6450 100272
6500 100739
6550 98722
6600 99462
6650 98106
6700 100676
6750 107797
6800 101174
6850 114197
6900 116516
6950 105713
7000 101636
7050 111822
7100 120642
7150 108572
7200 108106
7250 109406
7300 113722
7350 116269
7400 108461
7450 112378
7500 112751
7550 113870
7600 111643
7650 121194
7700 119882
7750 122378
7800 125558
7850 125470
7900 117418
7950 125820
8000 131315
8050 126932
8100 131180
8150 124436
8200 126636
8250 127018
8300 137783
8350 126447
8400 139284
8450 139853
8500 140162
8550 135077
8600 131023
8650 138047
8700 141835
8750 142668
8800 142362
8850 147122
8900 134556
8950 151212
9000 140823
9050 132724
9100 141259
9150 140675
9200 142574
9250 146713
9300 145312
9350 146096
9400 147844
9450 157820
9500 158667
9550 156951
9600 156789
9650 156550
9700 155685
9750 161825
9800 173762
9850 166532
9900 153458
9950 159078
10000 166942
10050 160976
10100 165489
10150 166304
10200 156697
10250 159281
10300 171574
10350 164526
10400 164786
10450 165018
10500 167597
10550 172995
10600 177013
10650 173363
10700 174656
10750 170667
10800 186918
10850 175947
10900 172634
10950 182393
11000 171759
11050 179657
11100 179447
11150 174870
11200 186727
11250 182254
11300 186056
11350 188086
11400 187097
11450 201717
11500 183719
11550 183591
11600 188541
11650 196715
11700 190981
11750 195449
11800 180735
11850 203658
11900 199615
11950 200424
12000 191034
12050 208464
12100 202903
12150 196168
12200 196608
12250 232172
12300 204850
12350 201522
12400 208509
12450 197077
12500 213810

