50 1225
100 4950
150 11175
200 19900
250 31125
300 44850
350 61075
400 79800
450 101025
500 124750
550 150975
600 179700
650 210925
700 244650
750 280875
800 319600
850 360825
900 404550
950 450775
1000 499500
1050 550725
1100 604450
1150 660675
1200 719400
1250 780625
1300 844350
1350 910575
1400 979300
1450 1050525
1500 1124250
1550 1200475
1600 1279200
1650 1360425
1700 1444150
1750 1530375
1800 1619100
1850 1710325
1900 1804050
1950 1900275
2000 1999000
2050 2100225
2100 2203950
2150 2310175
2200 2418900
2250 2530125
2300 2643850
2350 2760075
2400 2878800
2450 3000025
2500 3123750
2550 3249975
2600 3378700
2650 3509925
2700 3643650
2750 3779875
2800 3918600
2850 4059825
2900 4203550
2950 4349775
3000 4498500
3050 4649725
3100 4803450
3150 4959675
3200 5118400
3250 5279625
3300 5443350
3350 5609575
3400 5778300
3450 5949525
3500 6123250
3550 6299475
3600 6478200
3650 6659425
3700 6843150
3750 7029375
3800 7218100
3850 7409325
3900 7603050
3950 7799275
4000 7998000
4050 8199225
4100 8402950
4150 8609175
4200 8817900
4250 9029125
4300 9242850
4350 9459075
4400 9677800
4450 9899025
4500 10122750
4550 10348975
4600 10577700
4650 10808925
4700 11042650
4750 11278875
4800 11517600
4850 11758825
4900 12002550
4950 12248775
5000 12497500
5050 12748725
5100 13002450
5150 13258675
5200 13517400
5250 13778625
5300 14042350
5350 14308575
5400 14577300
5450 14848525
5500 15122250
5550 15398475
5600 15677200
5650 15958425
5700 16242150
5750 16528375
5800 16817100
5850 17108325
5900 17402050
5950 17698275
6000 17997000
6050 18298225
6100 18601950
6150 18908175
6200 19216900
6250 19528125
6300 19841850
6350 20158075
6400 20476800
6450 20798025
6500 21121750
6550 21447975
6600 21776700
6650 22107925
6700 22441650
6750 22777875
6800 23116600
6850 23457825
6900 23801550
6950 24147775
7000 24496500
7050 24847725
7100 25201450
7150 25557675
7200 25916400
7250 26277625
7300 26641350
7350 27007575
7400 27376300
7450 27747525
7500 28121250
7550 28497475
7600 28876200
7650 29257425
7700 29641150
7750 30027375
7800 30416100
7850 30807325
7900 31201050
7950 31597275
8000 31996000
8050 32397225
8100 32800950
8150 33207175
8200 33615900
8250 34027125
8300 34440850
8350 34857075
8400 35275800
8450 35697025
8500 36120750
8550 36546975
8600 36975700
8650 37406925
8700 37840650
8750 38276875
8800 38715600
8850 39156825
8900 39600550
8950 40046775
9000 40495500
9050 40946725
9100 41400450
9150 41856675
9200 42315400
9250 42776625
9300 43240350
9350 43706575
9400 44175300
9450 44646525
9500 45120250
9550 45596475
9600 46075200
9650 46556425
9700 47040150
9750 47526375
9800 48015100
9850 48506325
9900 49000050
9950 49496275
10000 49995000
10050 50496225
10100 50999950
10150 51506175
10200 52014900
10250 52526125
10300 53039850
10350 53556075
10400 54074800
10450 54596025
10500 55119750
10550 55645975
10600 56174700
10650 56705925
10700 57239650
10750 57775875
10800 58314600
10850 58855825
10900 59399550
10950 59945775
11000 60494500
11050 61045725
11100 61599450
11150 62155675
11200 62714400
11250 63275625
11300 63839350
11350 64405575
11400 64974300
11450 65545525
11500 66119250
11550 66695475
11600 67274200
11650 67855425
11700 68439150
11750 69025375
11800 69614100
11850 70205325
11900 70799050
11950 71395275
12000 71994000
12050 72595225
12100 73198950
12150 73805175
12200 74413900
12250 75025125
12300 75638850
12350 76255075
12400 76873800
12450 77495025
12500 78118750
