50 553
100 2672
150 5926
200 10257
250 15442
300 23442
350 31524
400 42134
450 51983
500 62886
550 76583
600 90639
650 105150
700 120745
750 139187
800 158234
850 179105
900 201569
950 228449
1000 255971
1050 282554
1100 307865
1150 335101
1200 362049
1250 393201
1300 427134
1350 461659
1400 493673
1450 528886
1500 565261
1550 598823
1600 639339
1650 679099
1700 724859
1750 771081
1800 811853
1850 854945
1900 903784
1950 950201
2000 1001568
2050 1055876
2100 1108325
2150 1149246
2200 1203673
2250 1262319
2300 1312735
2350 1373033
2400 1437055
2450 1499171
2500 1570784
2550 1641023
2600 1718012
2650 1788032
2700 1852290
2750 1915613
2800 1988427
2850 2062103
2900 2133517
2950 2214264
3000 2282701
3050 2366709
3100 2449759
3150 2526104
3200 2610553
3250 2692010
3300 2776937
3350 2864596
3400 2949049
3450 3032897
3500 3116115
3550 3194309
3600 3294935
3650 3386394
3700 3481768
3750 3580640
3800 3678273
3850 3780221
3900 3879328
3950 3984036
4000 4082993
4050 4180071
4100 4273939
4150 4369202
4200 4483249
4250 4574274
4300 4693924
4350 4797574
4400 4899789
4450 5030964
4500 5144577
4550 5258045
4600 5370228
4650 5470898
4700 5593926
4750 5716288
4800 5843146
4850 5979835
4900 6096153
4950 6231101
5000 6351736
5050 6458453
5100 6564502
5150 6695014
5200 6823021
5250 6942909
5300 7058444
5350 7192752
5400 7324666
5450 7476523
5500 7594586
5550 7724260
5600 7856509
5650 7983395
5700 8131672
5750 8280013
5800 8427468
5850 8573978
5900 8718515
5950 8885460
6000 9011963
6050 9160198
6100 9310349
6150 9470984
6200 9619684
6250 9772605
6300 9951409
6350 10108030
6400 10295487
6450 10453827
6500 10643304
6550 10826672
6600 11008874
6650 11156816
6700 11336341
6750 11485335
6800 11646481
6850 11796103
6900 11998338
6950 12179174
7000 12348097
7050 12492492
7100 12668627
7150 12843173
7200 13024827
7250 13175391
7300 13348717
7350 13535886
7400 13719319
7450 13897205
7500 14099947
7550 14261027
7600 14435835
7650 14631111
7700 14834386
7750 15037579
7800 15264961
7850 15493091
7900 15669983
7950 15835690
8000 16079661
8050 16275973
8100 16447148
8150 16649485
8200 16857953
8250 17109170
8300 17340879
8350 17535913
8400 17738475
8450 17923866
8500 18140284
8550 18338773
8600 18559540
8650 18790393
8700 19003685
8750 19231539
8800 19452456
8850 19654498
8900 19866089
8950 20083724
9000 20287789
9050 20507809
9100 20732095
9150 20995000
9200 21231880
9250 21462178
9300 21708578
9350 21937668
9400 22218358
9450 22465185
9500 22704119
9550 22944467
9600 23209761
9650 23439366
9700 23681107
9750 23900116
9800 24135307
9850 24378605
9900 24615607
9950 24844974
10000 25094920
10050 25318036
10100 25554604
10150 25780774
10200 26038774
10250 26313097
10300 26546181
10350 26778767
10400 27035358
10450 27339572
10500 27604234
10550 27827982
10600 28053757
10650 28289564
10700 28567101
10750 28873071
10800 29122891
10850 29371495
10900 29588778
10950 29842541
11000 30123079
11050 30460324
11100 30726614
11150 31005143
11200 31285650
11250 31584800
11300 31851995
11350 32141436
11400 32407482
11450 32675565
11500 32940755
11550 33252979
11600 33569313
11650 33862047
11700 34161136
11750 34434758
11800 34694979
11850 34967835
11900 35281766
11950 35560460
12000 35861535
12050 36168866
12100 36496384
12150 36772935
12200 37047575
12250 37386052
12300 37705397
12350 38006554
12400 38312513
12450 38600524
12500 38903100

