50 335
100 771
150 1243
200 1743
250 2243
300 2787
350 3337
400 3887
450 4437
500 4987
550 5575
600 6175
650 6775
700 7375
750 7975
800 8575
850 9175
900 9775
950 10375
1000 10975
1050 11601
1100 12251
1150 12901
1200 13551
1250 14201
1300 14851
1350 15501
1400 16151
1450 16801
1500 17451
1550 18101
1600 18751
1650 19401
1700 20051
1750 20701
1800 21351
1850 22001
1900 22651
1950 23301
2000 23951
2050 24603
2100 25303
2150 26003
2200 26703
2250 27403
2300 28103
2350 28803
2400 29503
2450 30203
2500 30903
2550 31603
2600 32303
2650 33003
2700 33703
2750 34403
2800 35103
2850 35803
2900 36503
2950 37203
3000 37903
3050 38603
3100 39303
3150 40003
3200 40703
3250 41403
3300 42103
3350 42803
3400 43503
3450 44203
3500 44903
3550 45603
3600 46303
3650 47003
3700 47703
3750 48403
3800 49103
3850 49803
3900 50503
3950 51203
4000 51903
4050 52603
4100 53307
4150 54057
4200 54807
4250 55557
4300 56307
4350 57057
4400 57807
4450 58557
4500 59307
4550 60057
4600 60807
4650 61557
4700 62307
4750 63057
4800 63807
4850 64557
4900 65307
4950 66057
5000 66807
5050 67557
5100 68307
5150 69057
5200 69807
5250 70557
5300 71307
5350 72057
5400 72807
5450 73557
5500 74307
5550 75057
5600 75807
5650 76557
5700 77307
5750 78057
5800 78807
5850 79557
5900 80307
5950 81057
6000 81807
6050 82557
6100 83307
6150 84057
6200 84807
6250 85557
6300 86307
6350 87057
6400 87807
6450 88557
6500 89307
6550 90057
6600 90807
6650 91557
6700 92307
6750 93057
6800 93807
6850 94557
6900 95307
6950 96057
7000 96807
7050 97557
7100 98307
7150 99057
7200 99807
7250 100557
7300 101307
7350 102057
7400 102807
7450 103557
7500 104307
7550 105057
7600 105807
7650 106557
7700 107307
7750 108057
7800 108807
7850 109557
7900 110307
7950 111057
8000 111807
8050 112557
8100 113307
8150 114057
8200 114815
8250 115615
8300 116415
8350 117215
8400 118015
8450 118815
8500 119615
8550 120415
8600 121215
8650 122015
8700 122815
8750 123615
8800 124415
8850 125215
8900 126015
8950 126815
9000 127615
9050 128415
9100 129215
9150 130015
9200 130815
9250 131615
9300 132415
9350 133215
9400 134015
9450 134815
9500 135615
9550 136415
9600 137215
9650 138015
9700 138815
9750 139615
9800 140415
9850 141215
9900 142015
9950 142815
10000 143615
10050 144415
10100 145215
10150 146015
10200 146815
10250 147615
10300 148415
10350 149215
10400 150015
10450 150815
10500 151615
10550 152415
10600 153215
10650 154015
10700 154815
10750 155615
10800 156415
10850 157215
10900 158015
10950 158815
11000 159615
11050 160415
11100 161215
11150 162015
11200 162815
11250 163615
11300 164415
11350 165215
11400 166015
11450 166815
11500 167615
11550 168415
11600 169215
11650 170015
11700 170815
11750 171615
11800 172415
11850 173215
11900 174015
11950 174815
12000 175615
12050 176415
12100 177215
12150 178015
12200 178815
12250 179615
12300 180415
12350 181215
12400 182015
12450 182815
12500 183615
